{'neg': 0.072, 'neu': 0.769, 'pos': 0.159, 'compound': 0.5279}
{'neg': 0.0, 'neu': 1.0, 'pos': 0.0, 'compound': 0.0}
{'neg': 0.128, 'neu': 0.872, 'pos': 0.0, 'compound': -0.296}
{'neg': 0.0, 'neu': 0.934, 'pos': 0.066, 'compound': 0.2924}
{'neg': 0.099, 'neu': 0.86, 'pos': 0.041, 'compound': -0.4939}
{'neg': 0.234, 'neu': 0.766, 'pos': 0.0, 'compound': -0.7925}
{'neg': 0.382, 'neu': 0.574, 'pos': 0.045, 'compound': -0.9506}
{'neg': 0.0, 'neu': 0.722, 'pos': 0.278, 'compound': 0.9136}
{'neg': 0.099, 'neu': 0.768, 'pos': 0.133, 'compound': 0.4127}
{'neg': 0.224, 'neu': 0.776, 'pos': 0.0, 'compound': -0.7964}
{'neg': 0.119, 'neu': 0.669, 'pos': 0.212, 'compound': 0.6124}
{'neg': 0.066, 'neu': 0.862, 'pos': 0.072, 'compound': 0.0516}
{'neg': 0.0, 'neu': 0.857, 'pos': 0.143, 'compound': 0.5423}
{'neg': 0.121, 'neu': 0.879, 'pos': 0.0, 'compound': -0.6588}
{'neg': 0.172, 'neu': 0.647, 'pos': 0.182, 'compound': 0.1767}
{'neg': 0.112, 'neu': 0.856, 'pos': 0.032, 'compound': -0.4767}
{'neg': 0.112, 'neu': 0.717, 'pos': 0.171, 'compound': 0.4767}
{'neg': 0.0, 'neu': 0.967, 'pos': 0.033, 'compound': 0.1513}
{'neg': 0.0, 'neu': 0.944, 'pos': 0.056, 'compound': 0.4215}
{'neg': 0.031, 'neu': 0.761, 'pos': 0.208, 'compound': 0.9183}
{'neg': 0.227, 'neu': 0.423, 'pos': 0.35, 'compound': 0.52}
{'neg': 0.0, 'neu': 0.86, 'pos': 0.14, 'compound': 0.0772}
{'neg': 0.0, 'neu': 0.951, 'pos': 0.049, 'compound': 0.4588}
{'neg': 0.119, 'neu': 0.791, 'pos': 0.09, 'compound': -0.3818}
{'neg': 0.0, 'neu': 0.909, 'pos': 0.091, 'compound': 0.3818}
{'neg': 0.183, 'neu': 0.797, 'pos': 0.02, 'compound': -0.8815}
{'neg': 0.205, 'neu': 0.776, 'pos': 0.018, 'compound': -0.9161}
{'neg': 0.0, 'neu': 0.842, 'pos': 0.158, 'compound': 0.8074}
{'neg': 0.117, 'neu': 0.816, 'pos': 0.066, 'compound': -0.25}
{'neg': 0.0, 'neu': 0.779, 'pos': 0.221, 'compound': 0.9692}
{'neg': 0.0, 'neu': 1.0, 'pos': 0.0, 'compound': 0.0}
{'neg': 0.098, 'neu': 0.902, 'pos': 0.0, 'compound': -0.5346}
{'neg': 0.0, 'neu': 0.876, 'pos': 0.124, 'compound': 0.7351}
{'neg': 0.0, 'neu': 0.941, 'pos': 0.059, 'compound': 0.4515}
{'neg': 0.037, 'neu': 0.753, 'pos': 0.21, 'compound': 0.8717}
{'neg': 0.05, 'neu': 0.843, 'pos': 0.107, 'compound': 0.7178}
{'neg': 0.155, 'neu': 0.845, 'pos': 0.0, 'compound': -0.5277}
{'neg': 0.168, 'neu': 0.711, 'pos': 0.121, 'compound': -0.4588}
{'neg': 0.0, 'neu': 1.0, 'pos': 0.0, 'compound': 0.0}
{'neg': 0.059, 'neu': 0.812, 'pos': 0.129, 'compound': 0.7714}
{'neg': 0.045, 'neu': 0.787, 'pos': 0.168, 'compound': 0.8957}
{'neg': 0.065, 'neu': 0.901, 'pos': 0.033, 'compound': -0.0516}
{'neg': 0.201, 'neu': 0.799, 'pos': 0.0, 'compound': -0.9545}
{'neg': 0.0, 'neu': 0.944, 'pos': 0.056, 'compound': 0.5171}
{'neg': 0.0, 'neu': 0.944, 'pos': 0.056, 'compound': 0.5283}
{'neg': 0.0, 'neu': 0.931, 'pos': 0.069, 'compound': 0.4574}
{'neg': 0.061, 'neu': 0.812, 'pos': 0.128, 'compound': 0.6808}
{'neg': 0.0, 'neu': 1.0, 'pos': 0.0, 'compound': 0.0}
{'neg': 0.156, 'neu': 0.743, 'pos': 0.101, 'compound': -0.5927}
{'neg': 0.033, 'neu': 0.922, 'pos': 0.045, 'compound': 0.1531}
{'neg': 0.08, 'neu': 0.867, 'pos': 0.052, 'compound': -0.1655}
{'neg': 0.0, 'neu': 1.0, 'pos': 0.0, 'compound': 0.0}
{'neg': 0.164, 'neu': 0.66, 'pos': 0.176, 'compound': 0.1531}
{'neg': 0.0, 'neu': 1.0, 'pos': 0.0, 'compound': 0.0}
{'neg': 0.0, 'neu': 1.0, 'pos': 0.0, 'compound': 0.0}
{'neg': 0.156, 'neu': 0.844, 'pos': 0.0, 'compound': -0.95}
{'neg': 0.0, 'neu': 1.0, 'pos': 0.0, 'compound': 0.0}
{'neg': 0.061, 'neu': 0.838, 'pos': 0.101, 'compound': 0.2732}
{'neg': 0.096, 'neu': 0.904, 'pos': 0.0, 'compound': -0.5719}
{'neg': 0.111, 'neu': 0.848, 'pos': 0.04, 'compound': -0.5175}
{'neg': 0.155, 'neu': 0.845, 'pos': 0.0, 'compound': -0.7603}
{'neg': 0.0, 'neu': 0.845, 'pos': 0.155, 'compound': 0.644}
{'neg': 0.0, 'neu': 0.935, 'pos': 0.065, 'compound': 0.5994}
{'neg': 0.0, 'neu': 1.0, 'pos': 0.0, 'compound': 0.0}
{'neg': 0.155, 'neu': 0.733, 'pos': 0.112, 'compound': -0.7295}
{'neg': 0.069, 'neu': 0.901, 'pos': 0.03, 'compound': -0.3182}
{'neg': 0.131, 'neu': 0.505, 'pos': 0.364, 'compound': 0.5574}
{'neg': 0.0, 'neu': 1.0, 'pos': 0.0, 'compound': 0.0}
{'neg': 0.174, 'neu': 0.754, 'pos': 0.072, 'compound': -0.743}
{'neg': 0.101, 'neu': 0.899, 'pos': 0.0, 'compound': -0.6486}
{'neg': 0.0, 'neu': 0.896, 'pos': 0.104, 'compound': 0.5994}
{'neg': 0.0, 'neu': 0.92, 'pos': 0.08, 'compound': 0.6808}
{'neg': 0.046, 'neu': 0.863, 'pos': 0.091, 'compound': 0.5873}
{'neg': 0.056, 'neu': 0.822, 'pos': 0.122, 'compound': 0.5106}
{'neg': 0.0, 'neu': 0.839, 'pos': 0.161, 'compound': 0.5574}
{'neg': 0.0, 'neu': 1.0, 'pos': 0.0, 'compound': 0.0}
{'neg': 0.121, 'neu': 0.771, 'pos': 0.108, 'compound': 0.1045}
{'neg': 0.0, 'neu': 1.0, 'pos': 0.0, 'compound': 0.0}
{'neg': 0.199, 'neu': 0.739, 'pos': 0.062, 'compound': -0.7096}
{'neg': 0.0, 'neu': 0.936, 'pos': 0.064, 'compound': 0.4939}
{'neg': 0.051, 'neu': 0.827, 'pos': 0.122, 'compound': 0.4404}
{'neg': 0.136, 'neu': 0.749, 'pos': 0.115, 'compound': -0.1531}
{'neg': 0.0, 'neu': 1.0, 'pos': 0.0, 'compound': 0.0}
{'neg': 0.093, 'neu': 0.693, 'pos': 0.215, 'compound': 0.8462}
{'neg': 0.096, 'neu': 0.879, 'pos': 0.025, 'compound': -0.6249}
{'neg': 0.081, 'neu': 0.804, 'pos': 0.116, 'compound': 0.2062}
{'neg': 0.092, 'neu': 0.87, 'pos': 0.038, 'compound': -0.4118}
{'neg': 0.06, 'neu': 0.893, 'pos': 0.047, 'compound': -0.1531}
{'neg': 0.014, 'neu': 0.891, 'pos': 0.094, 'compound': 0.8641}
{'neg': 0.17, 'neu': 0.715, 'pos': 0.115, 'compound': -0.7269}
{'neg': 0.045, 'neu': 0.887, 'pos': 0.068, 'compound': 0.1796}
{'neg': 0.103, 'neu': 0.624, 'pos': 0.273, 'compound': 0.9313}
{'neg': 0.08, 'neu': 0.864, 'pos': 0.056, 'compound': -0.0516}
{'neg': 0.048, 'neu': 0.952, 'pos': 0.0, 'compound': -0.4404}
{'neg': 0.156, 'neu': 0.799, 'pos': 0.044, 'compound': -0.765}
{'neg': 0.0, 'neu': 1.0, 'pos': 0.0, 'compound': 0.0}
{'neg': 0.0, 'neu': 1.0, 'pos': 0.0, 'compound': 0.0}
{'neg': 0.0, 'neu': 0.849, 'pos': 0.151, 'compound': 0.7993}
{'neg': 0.127, 'neu': 0.873, 'pos': 0.0, 'compound': -0.8271}
{'neg': 0.0, 'neu': 1.0, 'pos': 0.0, 'compound': 0.0}
{'neg': 0.0, 'neu': 0.955, 'pos': 0.045, 'compound': 0.504}
{'neg': 0.047, 'neu': 0.866, 'pos': 0.087, 'compound': 0.5081}
{'neg': 0.0, 'neu': 0.875, 'pos': 0.125, 'compound': 0.8205}
{'neg': 0.108, 'neu': 0.572, 'pos': 0.321, 'compound': 0.9192}
{'neg': 0.193, 'neu': 0.725, 'pos': 0.082, 'compound': -0.7003}
{'neg': 0.043, 'neu': 0.957, 'pos': 0.0, 'compound': -0.0772}
{'neg': 0.055, 'neu': 0.731, 'pos': 0.214, 'compound': 0.9226}
{'neg': 0.0, 'neu': 0.965, 'pos': 0.035, 'compound': 0.1511}
{'neg': 0.089, 'neu': 0.886, 'pos': 0.025, 'compound': -0.7239}
{'neg': 0.029, 'neu': 0.798, 'pos': 0.173, 'compound': 0.9133}
{'neg': 0.188, 'neu': 0.729, 'pos': 0.083, 'compound': -0.3826}
{'neg': 0.392, 'neu': 0.555, 'pos': 0.053, 'compound': -0.9418}
{'neg': 0.106, 'neu': 0.894, 'pos': 0.0, 'compound': -0.3595}
{'neg': 0.151, 'neu': 0.78, 'pos': 0.069, 'compound': -0.6808}
{'neg': 0.0, 'neu': 0.839, 'pos': 0.161, 'compound': 0.7579}
{'neg': 0.08, 'neu': 0.866, 'pos': 0.054, 'compound': -0.1531}
{'neg': 0.06, 'neu': 0.815, 'pos': 0.125, 'compound': 0.34}
{'neg': 0.043, 'neu': 0.957, 'pos': 0.0, 'compound': -0.3612}
{'neg': 0.038, 'neu': 0.82, 'pos': 0.141, 'compound': 0.7935}
{'neg': 0.047, 'neu': 0.842, 'pos': 0.111, 'compound': 0.504}
{'neg': 0.219, 'neu': 0.716, 'pos': 0.065, 'compound': -0.8176}
{'neg': 0.162, 'neu': 0.838, 'pos': 0.0, 'compound': -0.6597}
{'neg': 0.0, 'neu': 0.954, 'pos': 0.046, 'compound': 0.4404}
{'neg': 0.054, 'neu': 0.946, 'pos': 0.0, 'compound': -0.2465}
{'neg': 0.231, 'neu': 0.717, 'pos': 0.052, 'compound': -0.9382}
{'neg': 0.043, 'neu': 0.897, 'pos': 0.06, 'compound': -0.1007}
{'neg': 0.041, 'neu': 0.83, 'pos': 0.129, 'compound': 0.5574}
{'neg': 0.141, 'neu': 0.816, 'pos': 0.043, 'compound': -0.8702}
{'neg': 0.299, 'neu': 0.701, 'pos': 0.0, 'compound': -0.91}
{'neg': 0.183, 'neu': 0.778, 'pos': 0.039, 'compound': -0.9382}
{'neg': 0.051, 'neu': 0.707, 'pos': 0.242, 'compound': 0.9517}
{'neg': 0.216, 'neu': 0.754, 'pos': 0.03, 'compound': -0.9163}
{'neg': 0.0, 'neu': 1.0, 'pos': 0.0, 'compound': 0.0}
{'neg': 0.09, 'neu': 0.71, 'pos': 0.2, 'compound': 0.836}
{'neg': 0.085, 'neu': 0.823, 'pos': 0.092, 'compound': 0.1621}
{'neg': 0.036, 'neu': 0.862, 'pos': 0.102, 'compound': 0.5859}
{'neg': 0.151, 'neu': 0.748, 'pos': 0.101, 'compound': -0.4423}
{'neg': 0.0, 'neu': 0.809, 'pos': 0.191, 'compound': 0.8402}
{'neg': 0.0, 'neu': 0.849, 'pos': 0.151, 'compound': 0.6077}
{'neg': 0.0, 'neu': 1.0, 'pos': 0.0, 'compound': 0.0}
{'neg': 0.0, 'neu': 0.729, 'pos': 0.271, 'compound': 0.7777}
{'neg': 0.303, 'neu': 0.654, 'pos': 0.043, 'compound': -0.9337}
{'neg': 0.113, 'neu': 0.725, 'pos': 0.162, 'compound': 0.4404}
{'neg': 0.0, 'neu': 0.868, 'pos': 0.132, 'compound': 0.6124}
{'neg': 0.0, 'neu': 0.964, 'pos': 0.036, 'compound': 0.3612}
{'neg': 0.028, 'neu': 0.881, 'pos': 0.09, 'compound': 0.7269}
{'neg': 0.0, 'neu': 1.0, 'pos': 0.0, 'compound': 0.0}
{'neg': 0.12, 'neu': 0.671, 'pos': 0.21, 'compound': 0.4767}
{'neg': 0.14, 'neu': 0.86, 'pos': 0.0, 'compound': -0.5994}
{'neg': 0.225, 'neu': 0.731, 'pos': 0.043, 'compound': -0.9042}
{'neg': 0.0, 'neu': 1.0, 'pos': 0.0, 'compound': 0.0}
{'neg': 0.207, 'neu': 0.728, 'pos': 0.065, 'compound': -0.8934}
{'neg': 0.076, 'neu': 0.865, 'pos': 0.059, 'compound': -0.2023}
{'neg': 0.026, 'neu': 0.959, 'pos': 0.014, 'compound': -0.2732}
{'neg': 0.087, 'neu': 0.881, 'pos': 0.032, 'compound': -0.6124}
{'neg': 0.0, 'neu': 0.887, 'pos': 0.113, 'compound': 0.6369}
{'neg': 0.052, 'neu': 0.948, 'pos': 0.0, 'compound': -0.1901}
{'neg': 0.058, 'neu': 0.888, 'pos': 0.054, 'compound': -0.0516}
{'neg': 0.053, 'neu': 0.947, 'pos': 0.0, 'compound': -0.4019}
{'neg': 0.0, 'neu': 1.0, 'pos': 0.0, 'compound': 0.0}
{'neg': 0.066, 'neu': 0.82, 'pos': 0.113, 'compound': 0.5994}
{'neg': 0.063, 'neu': 0.814, 'pos': 0.122, 'compound': 0.3182}
{'neg': 0.0, 'neu': 0.795, 'pos': 0.205, 'compound': 0.8316}
{'neg': 0.052, 'neu': 0.887, 'pos': 0.061, 'compound': 0.2141}
{'neg': 0.0, 'neu': 0.805, 'pos': 0.195, 'compound': 0.9325}
{'neg': 0.0, 'neu': 0.712, 'pos': 0.288, 'compound': 0.9709}
{'neg': 0.028, 'neu': 0.801, 'pos': 0.171, 'compound': 0.8945}
{'neg': 0.0, 'neu': 0.955, 'pos': 0.045, 'compound': 0.25}
{'neg': 0.024, 'neu': 0.851, 'pos': 0.125, 'compound': 0.7841}
{'neg': 0.0, 'neu': 0.782, 'pos': 0.218, 'compound': 0.9612}
{'neg': 0.124, 'neu': 0.824, 'pos': 0.053, 'compound': -0.6808}
{'neg': 0.0, 'neu': 0.749, 'pos': 0.251, 'compound': 0.9076}
{'neg': 0.03, 'neu': 0.881, 'pos': 0.089, 'compound': 0.6249}
{'neg': 0.024, 'neu': 0.85, 'pos': 0.126, 'compound': 0.7841}
{'neg': 0.24, 'neu': 0.76, 'pos': 0.0, 'compound': -0.9185}
{'neg': 0.18, 'neu': 0.82, 'pos': 0.0, 'compound': -0.5267}
{'neg': 0.029, 'neu': 0.695, 'pos': 0.276, 'compound': 0.9608}
{'neg': 0.049, 'neu': 0.875, 'pos': 0.076, 'compound': 0.1027}
{'neg': 0.1, 'neu': 0.789, 'pos': 0.111, 'compound': 0.154}
{'neg': 0.109, 'neu': 0.847, 'pos': 0.044, 'compound': -0.4404}
{'neg': 0.0, 'neu': 0.903, 'pos': 0.097, 'compound': 0.7074}
{'neg': 0.102, 'neu': 0.835, 'pos': 0.063, 'compound': -0.1779}
{'neg': 0.0, 'neu': 0.932, 'pos': 0.068, 'compound': 0.1695}
{'neg': 0.0, 'neu': 1.0, 'pos': 0.0, 'compound': 0.0}
{'neg': 0.16, 'neu': 0.766, 'pos': 0.074, 'compound': -0.5719}
{'neg': 0.047, 'neu': 0.953, 'pos': 0.0, 'compound': -0.34}
{'neg': 0.141, 'neu': 0.669, 'pos': 0.19, 'compound': 0.2263}
{'neg': 0.215, 'neu': 0.724, 'pos': 0.061, 'compound': -0.836}
{'neg': 0.0, 'neu': 1.0, 'pos': 0.0, 'compound': 0.0}
{'neg': 0.105, 'neu': 0.826, 'pos': 0.069, 'compound': -0.4767}
{'neg': 0.043, 'neu': 0.88, 'pos': 0.078, 'compound': 0.3597}
{'neg': 0.0, 'neu': 0.728, 'pos': 0.272, 'compound': 0.8903}
{'neg': 0.131, 'neu': 0.739, 'pos': 0.13, 'compound': -0.0531}
{'neg': 0.033, 'neu': 0.867, 'pos': 0.1, 'compound': 0.4588}
{'neg': 0.055, 'neu': 0.829, 'pos': 0.116, 'compound': 0.3818}
{'neg': 0.0, 'neu': 1.0, 'pos': 0.0, 'compound': 0.0}
{'neg': 0.035, 'neu': 0.738, 'pos': 0.227, 'compound': 0.8172}
{'neg': 0.0, 'neu': 1.0, 'pos': 0.0, 'compound': 0.0}
{'neg': 0.0, 'neu': 0.949, 'pos': 0.051, 'compound': 0.3612}
{'neg': 0.113, 'neu': 0.731, 'pos': 0.156, 'compound': 0.584}
{'neg': 0.279, 'neu': 0.583, 'pos': 0.138, 'compound': -0.6808}
{'neg': 0.092, 'neu': 0.908, 'pos': 0.0, 'compound': -0.5504}
{'neg': 0.0, 'neu': 0.912, 'pos': 0.088, 'compound': 0.7003}
{'neg': 0.101, 'neu': 0.605, 'pos': 0.294, 'compound': 0.8225}
{'neg': 0.0, 'neu': 0.933, 'pos': 0.067, 'compound': 0.3612}
{'neg': 0.0, 'neu': 1.0, 'pos': 0.0, 'compound': 0.0}
{'neg': 0.271, 'neu': 0.729, 'pos': 0.0, 'compound': -0.9719}
{'neg': 0.0, 'neu': 0.921, 'pos': 0.079, 'compound': 0.6966}
{'neg': 0.069, 'neu': 0.875, 'pos': 0.056, 'compound': 0.0772}
{'neg': 0.163, 'neu': 0.723, 'pos': 0.114, 'compound': -0.2023}
{'neg': 0.0, 'neu': 0.777, 'pos': 0.223, 'compound': 0.8534}
{'neg': 0.107, 'neu': 0.789, 'pos': 0.104, 'compound': -0.2944}
{'neg': 0.108, 'neu': 0.734, 'pos': 0.157, 'compound': 0.1706}
{'neg': 0.0, 'neu': 0.868, 'pos': 0.132, 'compound': 0.8591}
{'neg': 0.13, 'neu': 0.87, 'pos': 0.0, 'compound': -0.7184}
{'neg': 0.1, 'neu': 0.873, 'pos': 0.027, 'compound': -0.7717}
{'neg': 0.184, 'neu': 0.776, 'pos': 0.039, 'compound': -0.9382}
{'neg': 0.0, 'neu': 0.969, 'pos': 0.031, 'compound': 0.34}
{'neg': 0.149, 'neu': 0.702, 'pos': 0.149, 'compound': -0.2516}
{'neg': 0.07, 'neu': 0.786, 'pos': 0.144, 'compound': 0.5742}
{'neg': 0.058, 'neu': 0.889, 'pos': 0.052, 'compound': -0.0571}
{'neg': 0.294, 'neu': 0.631, 'pos': 0.075, 'compound': -0.9349}
{'neg': 0.057, 'neu': 0.893, 'pos': 0.05, 'compound': 0.128}
{'neg': 0.186, 'neu': 0.742, 'pos': 0.072, 'compound': -0.4404}
{'neg': 0.037, 'neu': 0.886, 'pos': 0.078, 'compound': 0.2263}
{'neg': 0.037, 'neu': 0.915, 'pos': 0.048, 'compound': 0.1187}
{'neg': 0.028, 'neu': 0.817, 'pos': 0.155, 'compound': 0.872}
{'neg': 0.259, 'neu': 0.741, 'pos': 0.0, 'compound': -0.9571}
{'neg': 0.0, 'neu': 1.0, 'pos': 0.0, 'compound': 0.0}
{'neg': 0.082, 'neu': 0.892, 'pos': 0.026, 'compound': -0.5106}
{'neg': 0.017, 'neu': 0.908, 'pos': 0.075, 'compound': 0.5563}
{'neg': 0.135, 'neu': 0.791, 'pos': 0.074, 'compound': -0.3415}
{'neg': 0.106, 'neu': 0.809, 'pos': 0.085, 'compound': -0.5215}
{'neg': 0.108, 'neu': 0.701, 'pos': 0.191, 'compound': 0.7351}
{'neg': 0.0, 'neu': 0.658, 'pos': 0.342, 'compound': 0.8986}
{'neg': 0.028, 'neu': 0.95, 'pos': 0.022, 'compound': -0.128}
{'neg': 0.047, 'neu': 0.831, 'pos': 0.122, 'compound': 0.5574}
{'neg': 0.146, 'neu': 0.806, 'pos': 0.048, 'compound': -0.5707}
{'neg': 0.0, 'neu': 0.924, 'pos': 0.076, 'compound': 0.2263}
{'neg': 0.176, 'neu': 0.769, 'pos': 0.055, 'compound': -0.6124}
{'neg': 0.23, 'neu': 0.659, 'pos': 0.111, 'compound': -0.9062}
{'neg': 0.1, 'neu': 0.882, 'pos': 0.018, 'compound': -0.7177}
{'neg': 0.058, 'neu': 0.916, 'pos': 0.026, 'compound': -0.3612}
{'neg': 0.0, 'neu': 0.824, 'pos': 0.176, 'compound': 0.6696}
{'neg': 0.0, 'neu': 0.883, 'pos': 0.117, 'compound': 0.8739}
{'neg': 0.09, 'neu': 0.856, 'pos': 0.054, 'compound': -0.6449}
{'neg': 0.072, 'neu': 0.625, 'pos': 0.303, 'compound': 0.9639}
{'neg': 0.153, 'neu': 0.847, 'pos': 0.0, 'compound': -0.5574}
{'neg': 0.0, 'neu': 0.876, 'pos': 0.124, 'compound': 0.7351}
{'neg': 0.0, 'neu': 0.775, 'pos': 0.225, 'compound': 0.4926}
{'neg': 0.0, 'neu': 1.0, 'pos': 0.0, 'compound': 0.0}
{'neg': 0.038, 'neu': 0.929, 'pos': 0.033, 'compound': -0.101}
{'neg': 0.144, 'neu': 0.786, 'pos': 0.071, 'compound': -0.8176}
{'neg': 0.097, 'neu': 0.784, 'pos': 0.119, 'compound': 0.1531}
{'neg': 0.055, 'neu': 0.908, 'pos': 0.037, 'compound': -0.3164}
{'neg': 0.131, 'neu': 0.698, 'pos': 0.171, 'compound': 0.5472}
{'neg': 0.075, 'neu': 0.782, 'pos': 0.143, 'compound': 0.6457}
{'neg': 0.069, 'neu': 0.839, 'pos': 0.092, 'compound': -0.1279}
{'neg': 0.089, 'neu': 0.911, 'pos': 0.0, 'compound': -0.6597}
{'neg': 0.078, 'neu': 0.767, 'pos': 0.155, 'compound': 0.5106}
{'neg': 0.024, 'neu': 0.903, 'pos': 0.072, 'compound': 0.5574}
{'neg': 0.072, 'neu': 0.822, 'pos': 0.106, 'compound': 0.0554}
{'neg': 0.03, 'neu': 0.911, 'pos': 0.059, 'compound': 0.3612}
{'neg': 0.063, 'neu': 0.768, 'pos': 0.169, 'compound': 0.7275}
{'neg': 0.0, 'neu': 0.854, 'pos': 0.146, 'compound': 0.7818}
{'neg': 0.143, 'neu': 0.857, 'pos': 0.0, 'compound': -0.3612}
{'neg': 0.079, 'neu': 0.845, 'pos': 0.076, 'compound': -0.0442}
{'neg': 0.0, 'neu': 0.951, 'pos': 0.049, 'compound': 0.1531}
{'neg': 0.127, 'neu': 0.826, 'pos': 0.047, 'compound': -0.5849}
{'neg': 0.206, 'neu': 0.689, 'pos': 0.105, 'compound': -0.7334}
{'neg': 0.167, 'neu': 0.833, 'pos': 0.0, 'compound': -0.7003}
{'neg': 0.0, 'neu': 0.952, 'pos': 0.048, 'compound': 0.2732}
{'neg': 0.135, 'neu': 0.865, 'pos': 0.0, 'compound': -0.7717}
{'neg': 0.122, 'neu': 0.611, 'pos': 0.267, 'compound': 0.3818}
{'neg': 0.049, 'neu': 0.814, 'pos': 0.137, 'compound': 0.7096}
{'neg': 0.0, 'neu': 0.878, 'pos': 0.122, 'compound': 0.7511}
{'neg': 0.183, 'neu': 0.692, 'pos': 0.125, 'compound': -0.7269}
{'neg': 0.088, 'neu': 0.894, 'pos': 0.018, 'compound': -0.7639}
{'neg': 0.046, 'neu': 0.688, 'pos': 0.266, 'compound': 0.8625}
{'neg': 0.0, 'neu': 0.731, 'pos': 0.269, 'compound': 0.8999}
{'neg': 0.121, 'neu': 0.879, 'pos': 0.0, 'compound': -0.7906}
{'neg': 0.089, 'neu': 0.845, 'pos': 0.066, 'compound': -0.2732}
{'neg': 0.0, 'neu': 0.928, 'pos': 0.072, 'compound': 0.4199}
{'neg': 0.0, 'neu': 1.0, 'pos': 0.0, 'compound': 0.0}
{'neg': 0.0, 'neu': 0.813, 'pos': 0.187, 'compound': 0.4404}
{'neg': 0.0, 'neu': 1.0, 'pos': 0.0, 'compound': 0.0}
{'neg': 0.089, 'neu': 0.858, 'pos': 0.054, 'compound': -0.1877}
{'neg': 0.044, 'neu': 0.797, 'pos': 0.159, 'compound': 0.7568}
{'neg': 0.075, 'neu': 0.863, 'pos': 0.061, 'compound': -0.2263}
{'neg': 0.023, 'neu': 0.977, 'pos': 0.0, 'compound': -0.1406}
{'neg': 0.033, 'neu': 0.943, 'pos': 0.024, 'compound': -0.2244}
{'neg': 0.0, 'neu': 0.927, 'pos': 0.073, 'compound': 0.8011}
{'neg': 0.122, 'neu': 0.78, 'pos': 0.098, 'compound': -0.5267}
{'neg': 0.03, 'neu': 0.733, 'pos': 0.237, 'compound': 0.9628}
{'neg': 0.062, 'neu': 0.858, 'pos': 0.08, 'compound': 0.1531}
{'neg': 0.0, 'neu': 0.875, 'pos': 0.125, 'compound': 0.4588}
{'neg': 0.126, 'neu': 0.824, 'pos': 0.05, 'compound': -0.7783}
{'neg': 0.0, 'neu': 0.96, 'pos': 0.04, 'compound': 0.3182}
{'neg': 0.119, 'neu': 0.806, 'pos': 0.075, 'compound': -0.5368}
{'neg': 0.086, 'neu': 0.893, 'pos': 0.021, 'compound': -0.6043}
{'neg': 0.0, 'neu': 1.0, 'pos': 0.0, 'compound': 0.0}
{'neg': 0.18, 'neu': 0.783, 'pos': 0.037, 'compound': -0.9279}
{'neg': 0.0, 'neu': 0.936, 'pos': 0.064, 'compound': 0.5423}
{'neg': 0.0, 'neu': 0.931, 'pos': 0.069, 'compound': 0.5859}
{'neg': 0.0, 'neu': 0.879, 'pos': 0.121, 'compound': 0.5994}
{'neg': 0.068, 'neu': 0.932, 'pos': 0.0, 'compound': -0.4003}
{'neg': 0.0, 'neu': 0.911, 'pos': 0.089, 'compound': 0.5267}
{'neg': 0.079, 'neu': 0.83, 'pos': 0.091, 'compound': 0.1513}
{'neg': 0.047, 'neu': 0.953, 'pos': 0.0, 'compound': -0.3595}
{'neg': 0.0, 'neu': 0.861, 'pos': 0.139, 'compound': 0.6808}
{'neg': 0.183, 'neu': 0.755, 'pos': 0.062, 'compound': -0.9164}
{'neg': 0.163, 'neu': 0.731, 'pos': 0.106, 'compound': -0.5162}
{'neg': 0.081, 'neu': 0.797, 'pos': 0.122, 'compound': 0.1446}
{'neg': 0.117, 'neu': 0.819, 'pos': 0.064, 'compound': -0.7998}
{'neg': 0.092, 'neu': 0.864, 'pos': 0.045, 'compound': -0.5791}
{'neg': 0.069, 'neu': 0.847, 'pos': 0.085, 'compound': 0.2023}
{'neg': 0.0, 'neu': 1.0, 'pos': 0.0, 'compound': 0.0}
{'neg': 0.092, 'neu': 0.842, 'pos': 0.066, 'compound': -0.5994}
{'neg': 0.034, 'neu': 0.741, 'pos': 0.226, 'compound': 0.968}
{'neg': 0.027, 'neu': 0.909, 'pos': 0.063, 'compound': 0.5267}
{'neg': 0.0, 'neu': 0.844, 'pos': 0.156, 'compound': 0.9156}
{'neg': 0.057, 'neu': 0.818, 'pos': 0.125, 'compound': 0.6753}
{'neg': 0.065, 'neu': 0.883, 'pos': 0.052, 'compound': -0.1779}
{'neg': 0.09, 'neu': 0.868, 'pos': 0.042, 'compound': -0.3804}
{'neg': 0.075, 'neu': 0.925, 'pos': 0.0, 'compound': -0.6597}
{'neg': 0.112, 'neu': 0.836, 'pos': 0.052, 'compound': -0.4939}
{'neg': 0.111, 'neu': 0.736, 'pos': 0.153, 'compound': 0.6239}
{'neg': 0.0, 'neu': 0.694, 'pos': 0.306, 'compound': 0.9657}
{'neg': 0.128, 'neu': 0.837, 'pos': 0.035, 'compound': -0.7003}
{'neg': 0.165, 'neu': 0.709, 'pos': 0.126, 'compound': -0.743}
{'neg': 0.0, 'neu': 0.815, 'pos': 0.185, 'compound': 0.9312}
{'neg': 0.0, 'neu': 0.957, 'pos': 0.043, 'compound': 0.4215}
{'neg': 0.0, 'neu': 0.935, 'pos': 0.065, 'compound': 0.4574}
{'neg': 0.0, 'neu': 0.892, 'pos': 0.108, 'compound': 0.3182}
{'neg': 0.243, 'neu': 0.674, 'pos': 0.083, 'compound': -0.9508}
{'neg': 0.052, 'neu': 0.824, 'pos': 0.124, 'compound': 0.4619}
{'neg': 0.075, 'neu': 0.925, 'pos': 0.0, 'compound': -0.296}
{'neg': 0.077, 'neu': 0.923, 'pos': 0.0, 'compound': -0.6326}
{'neg': 0.142, 'neu': 0.806, 'pos': 0.052, 'compound': -0.4404}
{'neg': 0.135, 'neu': 0.702, 'pos': 0.163, 'compound': 0.261}
{'neg': 0.138, 'neu': 0.807, 'pos': 0.054, 'compound': -0.7269}
{'neg': 0.0, 'neu': 1.0, 'pos': 0.0, 'compound': 0.0}
{'neg': 0.083, 'neu': 0.795, 'pos': 0.123, 'compound': 0.5574}
{'neg': 0.183, 'neu': 0.792, 'pos': 0.025, 'compound': -0.947}
{'neg': 0.163, 'neu': 0.786, 'pos': 0.051, 'compound': -0.7189}
{'neg': 0.0, 'neu': 1.0, 'pos': 0.0, 'compound': 0.0}
{'neg': 0.331, 'neu': 0.669, 'pos': 0.0, 'compound': -0.836}
{'neg': 0.113, 'neu': 0.833, 'pos': 0.054, 'compound': -0.34}
{'neg': 0.157, 'neu': 0.843, 'pos': 0.0, 'compound': -0.4215}
{'neg': 0.044, 'neu': 0.778, 'pos': 0.178, 'compound': 0.7717}
{'neg': 0.081, 'neu': 0.738, 'pos': 0.181, 'compound': 0.4588}
{'neg': 0.107, 'neu': 0.752, 'pos': 0.141, 'compound': 0.3352}
{'neg': 0.111, 'neu': 0.795, 'pos': 0.094, 'compound': -0.3421}
{'neg': 0.105, 'neu': 0.726, 'pos': 0.169, 'compound': 0.1531}
{'neg': 0.228, 'neu': 0.772, 'pos': 0.0, 'compound': -0.8059}
{'neg': 0.129, 'neu': 0.871, 'pos': 0.0, 'compound': -0.4767}
{'neg': 0.062, 'neu': 0.854, 'pos': 0.084, 'compound': 0.3374}
{'neg': 0.0, 'neu': 0.862, 'pos': 0.138, 'compound': 0.5574}
{'neg': 0.14, 'neu': 0.788, 'pos': 0.071, 'compound': -0.4201}
{'neg': 0.098, 'neu': 0.902, 'pos': 0.0, 'compound': -0.1877}
{'neg': 0.129, 'neu': 0.827, 'pos': 0.044, 'compound': -0.7003}
{'neg': 0.06, 'neu': 0.746, 'pos': 0.194, 'compound': 0.6597}
{'neg': 0.0, 'neu': 0.918, 'pos': 0.082, 'compound': 0.5267}
{'neg': 0.143, 'neu': 0.857, 'pos': 0.0, 'compound': -0.7901}
{'neg': 0.042, 'neu': 0.76, 'pos': 0.199, 'compound': 0.9153}
{'neg': 0.0, 'neu': 0.961, 'pos': 0.039, 'compound': 0.0258}
{'neg': 0.093, 'neu': 0.907, 'pos': 0.0, 'compound': -0.4149}
{'neg': 0.0, 'neu': 0.941, 'pos': 0.059, 'compound': 0.5106}
{'neg': 0.0, 'neu': 0.695, 'pos': 0.305, 'compound': 0.9633}
{'neg': 0.0, 'neu': 0.954, 'pos': 0.046, 'compound': 0.3612}
{'neg': 0.137, 'neu': 0.863, 'pos': 0.0, 'compound': -0.2263}
{'neg': 0.0, 'neu': 1.0, 'pos': 0.0, 'compound': 0.0}
{'neg': 0.117, 'neu': 0.883, 'pos': 0.0, 'compound': -0.4329}
{'neg': 0.104, 'neu': 0.896, 'pos': 0.0, 'compound': -0.5267}
{'neg': 0.128, 'neu': 0.835, 'pos': 0.037, 'compound': -0.8832}
{'neg': 0.0, 'neu': 0.782, 'pos': 0.218, 'compound': 0.8289}
{'neg': 0.0, 'neu': 0.916, 'pos': 0.084, 'compound': 0.2732}
{'neg': 0.0, 'neu': 0.836, 'pos': 0.164, 'compound': 0.8638}
{'neg': 0.0, 'neu': 0.878, 'pos': 0.122, 'compound': 0.4173}
{'neg': 0.198, 'neu': 0.802, 'pos': 0.0, 'compound': -0.872}
{'neg': 0.066, 'neu': 0.766, 'pos': 0.168, 'compound': 0.5927}
{'neg': 0.087, 'neu': 0.847, 'pos': 0.067, 'compound': 0.0}
{'neg': 0.06, 'neu': 0.755, 'pos': 0.185, 'compound': 0.8074}
{'neg': 0.0, 'neu': 0.772, 'pos': 0.228, 'compound': 0.886}
{'neg': 0.0, 'neu': 0.876, 'pos': 0.124, 'compound': 0.8519}
{'neg': 0.0, 'neu': 0.904, 'pos': 0.096, 'compound': 0.6705}
{'neg': 0.136, 'neu': 0.831, 'pos': 0.033, 'compound': -0.765}
{'neg': 0.087, 'neu': 0.895, 'pos': 0.018, 'compound': -0.7184}
{'neg': 0.1, 'neu': 0.9, 'pos': 0.0, 'compound': -0.5859}
{'neg': 0.186, 'neu': 0.763, 'pos': 0.051, 'compound': -0.9151}
{'neg': 0.09, 'neu': 0.867, 'pos': 0.043, 'compound': -0.5351}
{'neg': 0.06, 'neu': 0.94, 'pos': 0.0, 'compound': -0.5913}
{'neg': 0.057, 'neu': 0.919, 'pos': 0.024, 'compound': -0.3612}
{'neg': 0.087, 'neu': 0.829, 'pos': 0.084, 'compound': -0.0772}
{'neg': 0.099, 'neu': 0.855, 'pos': 0.046, 'compound': -0.5204}
{'neg': 0.135, 'neu': 0.745, 'pos': 0.12, 'compound': -0.128}
{'neg': 0.054, 'neu': 0.75, 'pos': 0.196, 'compound': 0.8436}
{'neg': 0.078, 'neu': 0.765, 'pos': 0.157, 'compound': 0.575}
{'neg': 0.0, 'neu': 0.929, 'pos': 0.071, 'compound': 0.4149}
{'neg': 0.055, 'neu': 0.901, 'pos': 0.044, 'compound': -0.128}
{'neg': 0.074, 'neu': 0.894, 'pos': 0.032, 'compound': -0.3182}
{'neg': 0.0, 'neu': 0.947, 'pos': 0.053, 'compound': 0.3182}
{'neg': 0.0, 'neu': 1.0, 'pos': 0.0, 'compound': 0.0}
{'neg': 0.121, 'neu': 0.771, 'pos': 0.108, 'compound': -0.128}
{'neg': 0.0, 'neu': 0.62, 'pos': 0.38, 'compound': 0.8695}
{'neg': 0.155, 'neu': 0.743, 'pos': 0.102, 'compound': -0.5574}
{'neg': 0.108, 'neu': 0.849, 'pos': 0.043, 'compound': -0.4753}
{'neg': 0.0, 'neu': 0.721, 'pos': 0.279, 'compound': 0.9364}
{'neg': 0.047, 'neu': 0.876, 'pos': 0.077, 'compound': 0.128}
{'neg': 0.0, 'neu': 0.87, 'pos': 0.13, 'compound': 0.7184}
{'neg': 0.047, 'neu': 0.907, 'pos': 0.046, 'compound': -0.0258}
{'neg': 0.059, 'neu': 0.802, 'pos': 0.139, 'compound': 0.5994}
{'neg': 0.0, 'neu': 0.871, 'pos': 0.129, 'compound': 0.7893}
{'neg': 0.25, 'neu': 0.662, 'pos': 0.088, 'compound': -0.7464}
{'neg': 0.098, 'neu': 0.811, 'pos': 0.091, 'compound': -0.0516}
{'neg': 0.098, 'neu': 0.8, 'pos': 0.102, 'compound': 0.0772}
{'neg': 0.036, 'neu': 0.709, 'pos': 0.255, 'compound': 0.9524}
{'neg': 0.101, 'neu': 0.806, 'pos': 0.093, 'compound': -0.0943}
{'neg': 0.086, 'neu': 0.795, 'pos': 0.119, 'compound': 0.5994}
{'neg': 0.034, 'neu': 0.89, 'pos': 0.075, 'compound': 0.4939}
{'neg': 0.0, 'neu': 0.855, 'pos': 0.145, 'compound': 0.8591}
{'neg': 0.11, 'neu': 0.833, 'pos': 0.057, 'compound': -0.6597}
{'neg': 0.114, 'neu': 0.815, 'pos': 0.071, 'compound': -0.4939}
{'neg': 0.038, 'neu': 0.891, 'pos': 0.071, 'compound': 0.33}
{'neg': 0.05, 'neu': 0.724, 'pos': 0.226, 'compound': 0.9601}
{'neg': 0.0, 'neu': 0.798, 'pos': 0.202, 'compound': 0.8553}
{'neg': 0.257, 'neu': 0.643, 'pos': 0.1, 'compound': -0.9119}
{'neg': 0.174, 'neu': 0.826, 'pos': 0.0, 'compound': -0.9136}
{'neg': 0.107, 'neu': 0.802, 'pos': 0.091, 'compound': 0.1027}
{'neg': 0.108, 'neu': 0.741, 'pos': 0.151, 'compound': 0.0754}
{'neg': 0.074, 'neu': 0.836, 'pos': 0.091, 'compound': 0.296}
{'neg': 0.042, 'neu': 0.776, 'pos': 0.182, 'compound': 0.7717}
{'neg': 0.0, 'neu': 1.0, 'pos': 0.0, 'compound': 0.0}
{'neg': 0.213, 'neu': 0.672, 'pos': 0.115, 'compound': -0.7184}
{'neg': 0.204, 'neu': 0.755, 'pos': 0.04, 'compound': -0.9596}
{'neg': 0.0, 'neu': 0.93, 'pos': 0.07, 'compound': 0.4215}
{'neg': 0.0, 'neu': 0.819, 'pos': 0.181, 'compound': 0.8074}
{'neg': 0.204, 'neu': 0.682, 'pos': 0.114, 'compound': -0.7485}
{'neg': 0.027, 'neu': 0.836, 'pos': 0.137, 'compound': 0.8126}
{'neg': 0.065, 'neu': 0.889, 'pos': 0.046, 'compound': -0.3687}
{'neg': 0.285, 'neu': 0.649, 'pos': 0.067, 'compound': -0.9573}
{'neg': 0.122, 'neu': 0.786, 'pos': 0.092, 'compound': -0.2244}
{'neg': 0.113, 'neu': 0.859, 'pos': 0.028, 'compound': -0.7351}
{'neg': 0.043, 'neu': 0.957, 'pos': 0.0, 'compound': -0.296}
{'neg': 0.115, 'neu': 0.859, 'pos': 0.026, 'compound': -0.8074}
{'neg': 0.082, 'neu': 0.798, 'pos': 0.12, 'compound': 0.2732}
{'neg': 0.042, 'neu': 0.823, 'pos': 0.135, 'compound': 0.5574}
{'neg': 0.0, 'neu': 0.683, 'pos': 0.317, 'compound': 0.7836}
{'neg': 0.034, 'neu': 0.966, 'pos': 0.0, 'compound': -0.0572}
{'neg': 0.124, 'neu': 0.663, 'pos': 0.213, 'compound': 0.6229}
{'neg': 0.128, 'neu': 0.761, 'pos': 0.111, 'compound': -0.4588}
{'neg': 0.09, 'neu': 0.881, 'pos': 0.029, 'compound': -0.4939}
{'neg': 0.078, 'neu': 0.844, 'pos': 0.078, 'compound': 0.2484}
{'neg': 0.0, 'neu': 0.701, 'pos': 0.299, 'compound': 0.7506}
{'neg': 0.0, 'neu': 0.881, 'pos': 0.119, 'compound': 0.8126}
{'neg': 0.098, 'neu': 0.642, 'pos': 0.26, 'compound': 0.5106}
{'neg': 0.0, 'neu': 0.833, 'pos': 0.167, 'compound': 0.9393}
{'neg': 0.083, 'neu': 0.886, 'pos': 0.031, 'compound': -0.6402}
{'neg': 0.0, 'neu': 0.9, 'pos': 0.1, 'compound': 0.5983}
{'neg': 0.062, 'neu': 0.889, 'pos': 0.048, 'compound': -0.1531}
{'neg': 0.041, 'neu': 0.654, 'pos': 0.305, 'compound': 0.97}
{'neg': 0.104, 'neu': 0.896, 'pos': 0.0, 'compound': -0.5994}
{'neg': 0.246, 'neu': 0.662, 'pos': 0.092, 'compound': -0.6369}
{'neg': 0.133, 'neu': 0.7, 'pos': 0.167, 'compound': 0.7096}
{'neg': 0.109, 'neu': 0.814, 'pos': 0.077, 'compound': -0.296}
{'neg': 0.112, 'neu': 0.848, 'pos': 0.039, 'compound': -0.6543}
{'neg': 0.078, 'neu': 0.874, 'pos': 0.048, 'compound': -0.3321}
{'neg': 0.114, 'neu': 0.823, 'pos': 0.062, 'compound': -0.2091}
{'neg': 0.0, 'neu': 0.883, 'pos': 0.117, 'compound': 0.6908}
{'neg': 0.021, 'neu': 0.735, 'pos': 0.244, 'compound': 0.9766}
{'neg': 0.0, 'neu': 0.95, 'pos': 0.05, 'compound': 0.2732}
{'neg': 0.035, 'neu': 0.853, 'pos': 0.112, 'compound': 0.6369}
{'neg': 0.205, 'neu': 0.795, 'pos': 0.0, 'compound': -0.5983}
{'neg': 0.037, 'neu': 0.837, 'pos': 0.127, 'compound': 0.7783}
{'neg': 0.212, 'neu': 0.67, 'pos': 0.119, 'compound': -0.6486}
{'neg': 0.07, 'neu': 0.895, 'pos': 0.036, 'compound': -0.4019}
{'neg': 0.065, 'neu': 0.877, 'pos': 0.058, 'compound': -0.1027}
{'neg': 0.101, 'neu': 0.807, 'pos': 0.092, 'compound': -0.4184}
{'neg': 0.091, 'neu': 0.909, 'pos': 0.0, 'compound': -0.6249}
{'neg': 0.09, 'neu': 0.746, 'pos': 0.163, 'compound': 0.5789}
{'neg': 0.096, 'neu': 0.842, 'pos': 0.063, 'compound': -0.3382}
{'neg': 0.019, 'neu': 0.872, 'pos': 0.109, 'compound': 0.7992}
{'neg': 0.029, 'neu': 0.933, 'pos': 0.037, 'compound': 0.1531}
{'neg': 0.036, 'neu': 0.809, 'pos': 0.155, 'compound': 0.8154}
{'neg': 0.035, 'neu': 0.882, 'pos': 0.083, 'compound': 0.4939}
{'neg': 0.093, 'neu': 0.819, 'pos': 0.088, 'compound': -0.0516}
{'neg': 0.172, 'neu': 0.739, 'pos': 0.089, 'compound': -0.4019}
{'neg': 0.0, 'neu': 1.0, 'pos': 0.0, 'compound': 0.0}
{'neg': 0.136, 'neu': 0.79, 'pos': 0.074, 'compound': -0.3187}
{'neg': 0.323, 'neu': 0.677, 'pos': 0.0, 'compound': -0.8436}
{'neg': 0.022, 'neu': 0.75, 'pos': 0.228, 'compound': 0.8913}
{'neg': 0.0, 'neu': 0.771, 'pos': 0.229, 'compound': 0.8647}
{'neg': 0.0, 'neu': 1.0, 'pos': 0.0, 'compound': 0.0}
{'neg': 0.052, 'neu': 0.948, 'pos': 0.0, 'compound': -0.2057}
{'neg': 0.084, 'neu': 0.893, 'pos': 0.023, 'compound': -0.6908}
{'neg': 0.087, 'neu': 0.848, 'pos': 0.064, 'compound': -0.2263}
{'neg': 0.201, 'neu': 0.749, 'pos': 0.049, 'compound': -0.7859}
{'neg': 0.134, 'neu': 0.666, 'pos': 0.2, 'compound': 0.6815}
{'neg': 0.072, 'neu': 0.872, 'pos': 0.057, 'compound': -0.296}
{'neg': 0.255, 'neu': 0.666, 'pos': 0.079, 'compound': -0.8779}
{'neg': 0.078, 'neu': 0.864, 'pos': 0.058, 'compound': -0.1779}
{'neg': 0.0, 'neu': 0.624, 'pos': 0.376, 'compound': 0.9423}
{'neg': 0.05, 'neu': 0.792, 'pos': 0.158, 'compound': 0.5994}
{'neg': 0.0, 'neu': 0.825, 'pos': 0.175, 'compound': 0.8748}
{'neg': 0.117, 'neu': 0.883, 'pos': 0.0, 'compound': -0.8748}
{'neg': 0.0, 'neu': 0.903, 'pos': 0.097, 'compound': 0.5093}
{'neg': 0.0, 'neu': 1.0, 'pos': 0.0, 'compound': 0.0}
{'neg': 0.05, 'neu': 0.95, 'pos': 0.0, 'compound': -0.3182}
{'neg': 0.086, 'neu': 0.914, 'pos': 0.0, 'compound': -0.6124}
{'neg': 0.028, 'neu': 0.876, 'pos': 0.096, 'compound': 0.4939}
{'neg': 0.116, 'neu': 0.698, 'pos': 0.186, 'compound': 0.2732}
{'neg': 0.0, 'neu': 0.85, 'pos': 0.15, 'compound': 0.5574}
{'neg': 0.0, 'neu': 0.857, 'pos': 0.143, 'compound': 0.7184}
{'neg': 0.028, 'neu': 0.841, 'pos': 0.131, 'compound': 0.7815}
{'neg': 0.048, 'neu': 0.849, 'pos': 0.103, 'compound': 0.34}
{'neg': 0.25, 'neu': 0.658, 'pos': 0.092, 'compound': -0.8126}
{'neg': 0.113, 'neu': 0.827, 'pos': 0.059, 'compound': -0.3182}
{'neg': 0.071, 'neu': 0.897, 'pos': 0.032, 'compound': -0.5106}
{'neg': 0.127, 'neu': 0.76, 'pos': 0.113, 'compound': -0.6114}
{'neg': 0.069, 'neu': 0.789, 'pos': 0.142, 'compound': 0.7096}
{'neg': 0.039, 'neu': 0.961, 'pos': 0.0, 'compound': -0.5106}
{'neg': 0.0, 'neu': 0.919, 'pos': 0.081, 'compound': 0.3818}
{'neg': 0.21, 'neu': 0.751, 'pos': 0.039, 'compound': -0.872}
{'neg': 0.0, 'neu': 0.886, 'pos': 0.114, 'compound': 0.5267}
{'neg': 0.065, 'neu': 0.855, 'pos': 0.08, 'compound': 0.1874}
{'neg': 0.071, 'neu': 0.763, 'pos': 0.166, 'compound': 0.5423}
{'neg': 0.312, 'neu': 0.688, 'pos': 0.0, 'compound': -0.7096}
{'neg': 0.074, 'neu': 0.926, 'pos': 0.0, 'compound': -0.4767}
{'neg': 0.044, 'neu': 0.7, 'pos': 0.255, 'compound': 0.9073}
{'neg': 0.138, 'neu': 0.862, 'pos': 0.0, 'compound': -0.34}
{'neg': 0.109, 'neu': 0.864, 'pos': 0.027, 'compound': -0.6124}
{'neg': 0.0, 'neu': 0.801, 'pos': 0.199, 'compound': 0.899}
{'neg': 0.206, 'neu': 0.794, 'pos': 0.0, 'compound': -0.7184}
{'neg': 0.169, 'neu': 0.831, 'pos': 0.0, 'compound': -0.6449}
{'neg': 0.031, 'neu': 0.906, 'pos': 0.063, 'compound': 0.1761}
{'neg': 0.0, 'neu': 0.84, 'pos': 0.16, 'compound': 0.7899}
{'neg': 0.214, 'neu': 0.693, 'pos': 0.093, 'compound': -0.8625}
{'neg': 0.175, 'neu': 0.693, 'pos': 0.133, 'compound': -0.34}
{'neg': 0.11, 'neu': 0.89, 'pos': 0.0, 'compound': -0.799}
{'neg': 0.201, 'neu': 0.733, 'pos': 0.066, 'compound': -0.9331}
{'neg': 0.088, 'neu': 0.785, 'pos': 0.128, 'compound': 0.3751}
{'neg': 0.093, 'neu': 0.739, 'pos': 0.168, 'compound': 0.8291}
{'neg': 0.0, 'neu': 1.0, 'pos': 0.0, 'compound': 0.0}
{'neg': 0.0, 'neu': 0.932, 'pos': 0.068, 'compound': 0.4588}
{'neg': 0.034, 'neu': 0.923, 'pos': 0.043, 'compound': -0.0516}
{'neg': 0.0, 'neu': 1.0, 'pos': 0.0, 'compound': 0.0}
{'neg': 0.095, 'neu': 0.792, 'pos': 0.113, 'compound': 0.5709}
{'neg': 0.098, 'neu': 0.673, 'pos': 0.229, 'compound': 0.8235}
{'neg': 0.0, 'neu': 0.848, 'pos': 0.152, 'compound': 0.9001}
{'neg': 0.15, 'neu': 0.678, 'pos': 0.172, 'compound': 0.63}
{'neg': 0.059, 'neu': 0.858, 'pos': 0.083, 'compound': 0.2244}
{'neg': 0.094, 'neu': 0.852, 'pos': 0.054, 'compound': -0.2565}
{'neg': 0.0, 'neu': 0.833, 'pos': 0.167, 'compound': 0.4588}
{'neg': 0.0, 'neu': 1.0, 'pos': 0.0, 'compound': 0.0}
{'neg': 0.119, 'neu': 0.881, 'pos': 0.0, 'compound': -0.594}
{'neg': 0.0, 'neu': 0.922, 'pos': 0.078, 'compound': 0.296}
{'neg': 0.133, 'neu': 0.867, 'pos': 0.0, 'compound': -0.6908}
{'neg': 0.082, 'neu': 0.869, 'pos': 0.049, 'compound': -0.34}
{'neg': 0.0, 'neu': 0.846, 'pos': 0.154, 'compound': 0.8689}
{'neg': 0.0, 'neu': 1.0, 'pos': 0.0, 'compound': 0.0}
{'neg': 0.098, 'neu': 0.787, 'pos': 0.115, 'compound': 0.0258}
{'neg': 0.0, 'neu': 0.845, 'pos': 0.155, 'compound': 0.9042}
{'neg': 0.082, 'neu': 0.843, 'pos': 0.075, 'compound': -0.1842}
{'neg': 0.0, 'neu': 0.933, 'pos': 0.067, 'compound': 0.2023}
{'neg': 0.088, 'neu': 0.808, 'pos': 0.104, 'compound': 0.2263}
{'neg': 0.09, 'neu': 0.719, 'pos': 0.191, 'compound': 0.8074}
{'neg': 0.0, 'neu': 0.989, 'pos': 0.011, 'compound': 0.0129}
{'neg': 0.231, 'neu': 0.769, 'pos': 0.0, 'compound': -0.2732}
{'neg': 0.183, 'neu': 0.728, 'pos': 0.089, 'compound': -0.5574}
{'neg': 0.065, 'neu': 0.818, 'pos': 0.117, 'compound': 0.3527}
{'neg': 0.117, 'neu': 0.883, 'pos': 0.0, 'compound': -0.3353}
{'neg': 0.0, 'neu': 1.0, 'pos': 0.0, 'compound': 0.0}
{'neg': 0.0, 'neu': 1.0, 'pos': 0.0, 'compound': 0.0}
{'neg': 0.274, 'neu': 0.659, 'pos': 0.067, 'compound': -0.8765}
{'neg': 0.0, 'neu': 0.946, 'pos': 0.054, 'compound': 0.3561}
{'neg': 0.116, 'neu': 0.791, 'pos': 0.093, 'compound': -0.291}
{'neg': 0.02, 'neu': 0.947, 'pos': 0.033, 'compound': 0.2023}
{'neg': 0.111, 'neu': 0.863, 'pos': 0.026, 'compound': -0.6573}
{'neg': 0.038, 'neu': 0.859, 'pos': 0.102, 'compound': 0.5411}
{'neg': 0.117, 'neu': 0.81, 'pos': 0.073, 'compound': -0.5766}
{'neg': 0.0, 'neu': 1.0, 'pos': 0.0, 'compound': 0.0}
{'neg': 0.194, 'neu': 0.806, 'pos': 0.0, 'compound': -0.8573}
{'neg': 0.075, 'neu': 0.893, 'pos': 0.031, 'compound': -0.4512}
{'neg': 0.178, 'neu': 0.793, 'pos': 0.029, 'compound': -0.8316}
{'neg': 0.042, 'neu': 0.833, 'pos': 0.125, 'compound': 0.8316}
{'neg': 0.079, 'neu': 0.792, 'pos': 0.129, 'compound': 0.5267}
{'neg': 0.047, 'neu': 0.817, 'pos': 0.136, 'compound': 0.6369}
{'neg': 0.2, 'neu': 0.8, 'pos': 0.0, 'compound': -0.6696}
{'neg': 0.107, 'neu': 0.765, 'pos': 0.128, 'compound': 0.1027}
{'neg': 0.04, 'neu': 0.907, 'pos': 0.053, 'compound': 0.1531}
{'neg': 0.079, 'neu': 0.881, 'pos': 0.04, 'compound': -0.4515}
{'neg': 0.0, 'neu': 0.922, 'pos': 0.078, 'compound': 0.1796}
{'neg': 0.031, 'neu': 0.756, 'pos': 0.213, 'compound': 0.8762}
{'neg': 0.087, 'neu': 0.84, 'pos': 0.073, 'compound': -0.25}
{'neg': 0.051, 'neu': 0.949, 'pos': 0.0, 'compound': -0.5106}
{'neg': 0.075, 'neu': 0.667, 'pos': 0.258, 'compound': 0.7061}
{'neg': 0.0, 'neu': 0.857, 'pos': 0.143, 'compound': 0.3612}
{'neg': 0.071, 'neu': 0.894, 'pos': 0.035, 'compound': -0.3253}
{'neg': 0.159, 'neu': 0.757, 'pos': 0.084, 'compound': -0.8156}
{'neg': 0.0, 'neu': 0.833, 'pos': 0.167, 'compound': 0.9153}
{'neg': 0.075, 'neu': 0.925, 'pos': 0.0, 'compound': -0.2732}
{'neg': 0.085, 'neu': 0.855, 'pos': 0.06, 'compound': -0.0772}
{'neg': 0.0, 'neu': 0.799, 'pos': 0.201, 'compound': 0.9698}
{'neg': 0.079, 'neu': 0.842, 'pos': 0.08, 'compound': -0.2263}
{'neg': 0.179, 'neu': 0.821, 'pos': 0.0, 'compound': -0.802}
{'neg': 0.101, 'neu': 0.749, 'pos': 0.15, 'compound': 0.8162}
{'neg': 0.0, 'neu': 0.979, 'pos': 0.021, 'compound': 0.0516}
{'neg': 0.027, 'neu': 0.924, 'pos': 0.05, 'compound': 0.3182}
{'neg': 0.028, 'neu': 0.831, 'pos': 0.141, 'compound': 0.6956}
{'neg': 0.089, 'neu': 0.711, 'pos': 0.2, 'compound': 0.8284}
{'neg': 0.134, 'neu': 0.79, 'pos': 0.076, 'compound': -0.5083}
{'neg': 0.0, 'neu': 1.0, 'pos': 0.0, 'compound': 0.0}
{'neg': 0.0, 'neu': 0.749, 'pos': 0.251, 'compound': 0.8271}
{'neg': 0.0, 'neu': 0.744, 'pos': 0.256, 'compound': 0.6705}
{'neg': 0.086, 'neu': 0.855, 'pos': 0.059, 'compound': -0.2732}
{'neg': 0.34, 'neu': 0.66, 'pos': 0.0, 'compound': -0.7351}
{'neg': 0.082, 'neu': 0.844, 'pos': 0.073, 'compound': -0.1082}
{'neg': 0.021, 'neu': 0.979, 'pos': 0.0, 'compound': -0.1027}
{'neg': 0.248, 'neu': 0.684, 'pos': 0.068, 'compound': -0.9517}
{'neg': 0.022, 'neu': 0.846, 'pos': 0.132, 'compound': 0.8271}
{'neg': 0.0, 'neu': 0.779, 'pos': 0.221, 'compound': 0.8687}
{'neg': 0.144, 'neu': 0.856, 'pos': 0.0, 'compound': -0.6369}
{'neg': 0.083, 'neu': 0.686, 'pos': 0.23, 'compound': 0.8398}
{'neg': 0.073, 'neu': 0.891, 'pos': 0.036, 'compound': -0.3382}
{'neg': 0.087, 'neu': 0.609, 'pos': 0.304, 'compound': 0.9393}
{'neg': 0.0, 'neu': 0.929, 'pos': 0.071, 'compound': 0.6486}
{'neg': 0.144, 'neu': 0.856, 'pos': 0.0, 'compound': -0.6369}
{'neg': 0.0, 'neu': 0.863, 'pos': 0.137, 'compound': 0.4019}
{'neg': 0.0, 'neu': 0.892, 'pos': 0.108, 'compound': 0.802}
{'neg': 0.228, 'neu': 0.683, 'pos': 0.09, 'compound': -0.9318}
{'neg': 0.156, 'neu': 0.711, 'pos': 0.134, 'compound': 0.0516}
{'neg': 0.126, 'neu': 0.795, 'pos': 0.079, 'compound': -0.1952}
{'neg': 0.032, 'neu': 0.764, 'pos': 0.203, 'compound': 0.9549}
{'neg': 0.142, 'neu': 0.806, 'pos': 0.052, 'compound': -0.7964}
{'neg': 0.098, 'neu': 0.753, 'pos': 0.149, 'compound': 0.1877}
{'neg': 0.032, 'neu': 0.937, 'pos': 0.031, 'compound': -0.0258}
{'neg': 0.037, 'neu': 0.921, 'pos': 0.042, 'compound': 0.0772}
{'neg': 0.0, 'neu': 0.774, 'pos': 0.226, 'compound': 0.954}
{'neg': 0.123, 'neu': 0.701, 'pos': 0.176, 'compound': 0.5574}
{'neg': 0.076, 'neu': 0.899, 'pos': 0.025, 'compound': -0.6996}
{'neg': 0.0, 'neu': 1.0, 'pos': 0.0, 'compound': 0.0}
{'neg': 0.148, 'neu': 0.674, 'pos': 0.177, 'compound': 0.3595}
{'neg': 0.129, 'neu': 0.824, 'pos': 0.047, 'compound': -0.5719}
{'neg': 0.094, 'neu': 0.75, 'pos': 0.156, 'compound': 0.4939}
{'neg': 0.092, 'neu': 0.781, 'pos': 0.126, 'compound': 0.0772}
{'neg': 0.163, 'neu': 0.79, 'pos': 0.047, 'compound': -0.6608}
{'neg': 0.086, 'neu': 0.737, 'pos': 0.177, 'compound': 0.5719}
{'neg': 0.136, 'neu': 0.815, 'pos': 0.049, 'compound': -0.765}
